201
162 14
1107 1108 1109 1110 1111 1112 1113 1114 1115 1116 1117 1118 1119 1120
8081 14
8130 25135 25569 35500 40230 42901 42902 42903 42904 42905 42906 42907 42908 42909
3402 13
5075 12982 20963 20964 20965 20966 20967 20968 20969 20970 20971 20972 20973
5525 13
24455 26417 27552 31803 31805 31806 31807 31808 31809 31810 31811 31812 31813
6039 13
324 6900 7675 11340 13964 32844 34227 34229 34230 34231 34232 34233 34234
6550 13
4253 22576 23004 23847 26863 26925 31269 36497 36498 36499 36500 36501 36502
7734 13
4284 13385 16180 21153 21571 23756 41510 41511 41512 41513 41514 41515 41516
8540 13
2873 17452 17616 27996 29596 39123 44707 44708 44709 44710 44711 44712 44713
8830 13
5840 11165 13498 14503 14569 26770 43019 45789 45790 45791 45792 45793 45794
9781 13
2390 12368 20362 34600 40904 41280 42972 45656 49124 49125 49126 49127 49128
11518 13
3409 4116 9622 23256 28555 29267 37327 42470 49635 54652 54653 54654 54655
11786 13
6879 12252 26670 38898 41586 45560 45837 46631 50813 53505 55403 55404 55405
14888 13
2987 10200 15476 24038 34680 39501 41186 53011 62985 62986 62987 62988 62989
15139 13
17186 18367 23372 34650 36767 42144 54993 55492 60435 63505 63507 63508 63509
15709 13
4368 24617 32266 36182 50947 54329 58185 61853 64679 64680 64681 64682 64683
16352 13
85 19964 22095 38425 42266 50653 60055 60660 65892 65893 65894 65895 65896
16630 13
9069 14033 30162 31423 39132 41261 43306 47280 52978 54969 66406 66407 66408
17443 13
2254 2940 12011 16321 22411 37331 37498 46674 65012 67678 67679 67680 67681
17737 13
1210 2883 12236 13492 15936 27125 45813 48066 56858 58808 68156 68157 68158
17835 13
26016 26338 30014 41313 60758 61307 64579 66819 68305 68306 68307 68308 68309
18430 13
1253 19387 20391 33362 54293 56366 56778 64232 65555 69169 69170 69171 69172
20307 13
17631 25403 26437 27055 34508 44035 55657 57912 59472 63415 71555 71556 71557
20559 13
5640 13373 22277 24812 33724 50504 53319 61994 65040 67321 69135 71832 71833
20755 13
20128 20365 29312 34547 43606 51468 51593 55903 58515 63283 64417 69662 72065
20827 13
2521 22680 31625 35508 38364 43064 45814 47840 51835 57135 69797 72140 72141
21067 13
11238 14782 23337 24345 26551 27184 35866 41940 46507 47958 48689 66685 72407
22086 13
9196 12431 19821 25555 38179 42919 51217 51352 51856 63466 65963 73478 73479
22384 13
9375 14151 14462 34026 42859 43455 49095 53393 61808 65871 69892 70492 73755
22759 13
1097 2149 6883 17529 21863 36255 38156 47717 49662 56634 60624 69820 74104
23662 13
122 5986 23124 40144 42757 51526 53664 66180 67881 67882 71553 74833 74834
23907 13
17619 31917 31984 40573 43542 45551 51969 54503 59058 59996 73895 75027 75028
25430 13
880 6896 34381 37079 49979 53547 54597 58031 60817 67865 71710 72572 76097
26084 13
524 9310 24895 27227 27660 38122 38701 40036 51532 58484 59510 61321 76509
26141 13
5605 13862 31544 46925 50655 51794 64762 68304 69697 72737 72851 76543 76544
27372 13
1089 4391 16719 18527 22309 32307 62627 63116 63129 65744 74584 75853 77250
28646 13
1921 5314 7067 9053 9059 23817 23879 26937 60612 65364 74489 76921 77920
29848 13
14247 17260 33352 37343 45576 53832 58849 70408 72153 72732 75998 76698 78524
616 12
4132 4133 4134 4135 4136 4137 4138 4139 4140 4141 4142 4143
773 12
4868 5156 5159 5160 5161 5162 5163 5164 5165 5166 5167 5168
967 12
6434 6437 6438 6439 6440 6441 6442 6443 6444 6445 6446 6447
1031 12
2819 6850 6853 6854 6855 6856 6857 6858 6859 6860 6861 6862
1407 12
9253 9256 9257 9258 9259 9260 9261 9262 9263 9264 9265 9266
1412 12
9295 9296 9297 9298 9299 9300 9301 9302 9303 9304 9305 9306
1479 12
9703 9705 9706 9707 9708 9709 9710 9711 9712 9713 9714 9715
1495 12
2572 6646 9809 9811 9812 9813 9814 9815 9816 9817 9818 9819
1505 12
3473 6429 9696 9870 9873 9874 9875 9876 9877 9878 9879 9880
1792 12
11623 11624 11625 11626 11627 11628 11629 11630 11631 11632 11633 11634
1916 12
2063 2540 4318 8405 12099 12382 12383 12384 12385 12386 12387 12388
1949 12
1874 11779 12578 12581 12582 12583 12584 12585 12586 12587 12588 12589
2188 12
4478 13994 13995 13996 13997 13998 13999 14000 14001 14002 14003 14004
2275 12
745 2903 9548 14517 14519 14520 14521 14522 14523 14524 14525 14526
2289 12
8510 14194 14599 14602 14603 14604 14605 14606 14607 14608 14609 14610
2762 12
17380 17381 17382 17383 17384 17385 17386 17387 17388 17389 17390 17391
2848 12
2683 4409 17868 17869 17870 17871 17872 17873 17874 17875 17876 17877
3001 12
1734 6592 10248 18734 18736 18737 18738 18739 18740 18741 18742 18743
3199 12
4421 7129 13212 17528 19846 19849 19850 19851 19852 19853 19854 19855
3253 12
1891 1937 9885 10262 20143 20145 20146 20147 20148 20149 20150 20151
3294 12
1390 3700 3968 16751 20376 20377 20378 20379 20380 20381 20382 20383
3369 12
1749 4585 20780 20783 20784 20785 20786 20787 20788 20789 20790 20791
3616 12
1897 22132 22133 22134 22135 22136 22137 22138 22139 22140 22141 22142
3833 12
197 23296 23299 23300 23301 23302 23303 23304 23305 23306 23307 23308
3910 12
2756 6897 12148 13626 23708 23709 23710 23711 23712 23713 23714 23715
3932 12
22467 23825 23826 23827 23828 23829 23830 23831 23832 23833 23834 23835
3974 12
9134 12486 24043 24044 24045 24046 24047 24048 24049 24050 24051 24052
4179 12
17573 25100 25101 25102 25103 25104 25105 25106 25107 25108 25109 25110
4508 12
22102 23101 26069 26811 26812 26813 26814 26815 26816 26817 26818 26819
4529 12
8150 24796 26910 26912 26913 26914 26915 26916 26917 26918 26919 26920
4672 12
18394 20881 23002 24735 27652 27653 27654 27655 27656 27657 27658 27659
4856 12
1495 5576 25218 28532 28533 28534 28535 28536 28537 28538 28539 28540
4974 12
2868 16832 21596 27492 29117 29118 29119 29120 29121 29122 29123 29124
5078 12
6068 8390 9510 15808 16735 20736 29644 29645 29646 29647 29648 29649
5134 12
7193 13090 17365 20697 29930 29931 29932 29933 29934 29935 29936 29937
5292 12
7883 19924 30695 30696 30697 30698 30699 30700 30701 30702 30703 30704
5318 12
6903 9187 16188 17242 23344 30824 30825 30826 30827 30828 30829 30830
5415 12
845 2476 3307 4324 23783 24423 30834 31282 31285 31286 31287 31288
5762 12
7368 14545 20445 28180 28744 32929 32930 32931 32932 32933 32934 32935
5829 12
27041 30888 33245 33248 33249 33250 33251 33252 33253 33254 33255 33256
6081 12
5545 17099 23793 33314 34413 34415 34416 34417 34418 34419 34420 34421
6278 12
1561 10438 16253 33880 35279 35280 35281 35282 35283 35284 35285 35286
6521 12
1737 17564 20303 29618 36357 36360 36361 36362 36363 36364 36365 36366
6865 12
11781 37895 37897 37898 37899 37900 37901 37902 37903 37904 37905 37906
7489 12
1584 13534 32312 38324 40520 40522 40523 40524 40525 40526 40527 40528
7763 12
12373 20504 28189 28465 29262 39253 41632 41633 41634 41635 41636 41637
7797 12
8551 14900 15844 31584 32949 33089 41756 41759 41760 41761 41762 41763
8058 12
20816 22781 26326 30857 39575 40239 40935 42822 42823 42824 42825 42826
8146 12
3187 22495 25880 37813 39985 43171 43172 43173 43174 43175 43176 43177
8201 12
18071 18704 19612 40214 43381 43384 43385 43386 43387 43388 43389 43390
8561 12
1715 36854 38390 41472 44776 44779 44780 44781 44782 44783 44784 44785
8588 12
13507 25686 33060 35056 41682 44620 44882 44883 44884 44885 44886 44887
8679 12
8741 8882 14140 23725 30550 42072 42107 45220 45222 45223 45224 45225
9003 12
4524 12353 32235 35217 46430 46432 46433 46434 46435 46436 46437 46438
9073 12
19740 20877 21578 26442 33913 36240 38531 40680 46493 46685 46687 46688
9137 12
5551 16683 17244 24071 30216 35817 46906 46908 46909 46910 46911 46912
9141 12
3336 17352 18420 18823 31665 33731 37319 38300 45726 46919 46922 46923
9395 12
3120 16805 18892 20982 28021 47797 47808 47811 47812 47813 47814 47815
9422 12
7305 36267 37886 44327 47909 47910 47911 47912 47913 47914 47915 47916
9555 12
9156 13153 16705 23418 29584 47959 48363 48364 48365 48366 48367 48368
9604 12
2582 5931 10943 23940 29619 41786 48533 48534 48535 48536 48537 48538
9642 12
11838 14450 15726 16541 40436 40787 48665 48666 48667 48668 48669 48670
9713 12
4269 11851 12846 18326 18718 24497 38538 48900 48902 48903 48904 48905
9740 12
216 8467 16261 31547 37811 40117 45274 49003 49004 49005 49006 49007
9810 12
1681 7508 8678 11365 12232 18885 28675 49223 49224 49225 49226 49227
10048 12
12557 27161 31006 34613 35558 49619 50012 50013 50014 50015 50016 50017
10100 12
4340 9785 13094 17329 17454 28308 28624 50183 50184 50185 50186 50187
10158 12
8082 9499 27819 30051 50383 50384 50385 50386 50387 50388 50389 50390
10224 12
2934 3256 11543 26518 30602 31311 47302 49031 50594 50595 50596 50597
10452 12
18569 18588 21679 27546 29368 39196 39536 39850 48054 51355 51356 51357
10611 12
1509 3488 18532 22994 29044 38423 45612 51878 51880 51881 51882 51883
10615 12
9082 23651 29560 51892 51893 51894 51895 51896 51897 51898 51899 51900
10935 12
4365 6867 7025 15762 23694 26456 28630 52894 52896 52897 52898 52899
11033 12
15777 19522 21225 23003 32917 38467 45849 48558 52733 53187 53189 53190
11255 12
3912 4878 5151 14180 52544 53872 53873 53874 53875 53876 53877 53878
11339 12
1015 16022 17084 24106 24472 50669 54114 54117 54118 54119 54120 54121
11523 12
1338 12619 26471 46260 46676 50457 54253 54662 54664 54665 54666 54667
11703 12
1653 13556 31245 34861 50935 55159 55161 55162 55163 55164 55165 55166
11716 12
5122 6086 8273 15674 25011 38544 40316 53047 55197 55198 55199 55200
12064 12
1384 2682 21681 22509 25180 33167 53912 56171 56172 56173 56174 56175
12588 12
27614 29527 34349 44485 48840 55846 57557 57558 57559 57560 57561 57562
12689 12
17683 27093 31982 37301 43469 57808 57809 57810 57811 57812 57813 57814
13280 12
4291 17291 32794 36200 41975 44563 45316 49457 52626 59285 59286 59287
13413 12
8027 13342 14513 32047 39092 41163 44994 54359 59623 59624 59625 59626
13448 12
215 11747 17867 18503 23629 24591 35363 40089 51209 59033 59712 59713
13450 12
16202 17765 25960 33496 37567 38913 59714 59715 59716 59717 59718 59719
13683 12
9726 23061 39117 41009 41087 48566 57423 60283 60284 60285 60286 60287
13989 12
17686 20552 24973 35781 36817 41057 45668 52679 54426 60974 60976 60977
14110 12
4233 30630 35351 35658 41458 53656 58810 59789 61251 61252 61253 61254
14142 12
11722 15634 18233 31441 52129 54721 55878 58930 61322 61323 61324 61325
14240 12
1743 17990 33606 35874 39738 56737 60972 61522 61523 61524 61525 61526
14248 12
28151 31707 37627 50059 52263 60364 61542 61543 61544 61545 61546 61547
14353 12
5814 15202 29690 30565 41011 45763 55658 57488 57781 61777 61779 61780
14597 12
9448 11396 12525 22413 25571 31716 36284 40087 46367 60503 62343 62345
14607 12
8044 12374 15475 16205 21389 45035 53392 57675 62371 62372 62373 62374
14763 12
2315 8861 9054 14184 19505 44271 57961 58445 59045 62713 62714 62715
14865 12
308 4803 15130 16167 23693 28026 44551 58563 61089 62934 62936 62937
14934 12
1389 5867 24161 26673 29737 53819 54876 56216 60700 63079 63080 63081
14956 12
4664 23624 24797 34141 37107 47455 48909 54578 55615 63132 63133 63134
15238 12
3355 9277 39433 41485 52480 61112 63708 63709 63710 63711 63712 63713
15588 12
4653 11759 18451 36205 43084 48298 55545 64191 64438 64439 64440 64441
15723 12
8552 27566 33299 44342 45702 48111 52336 57819 60860 64703 64705 64706
15936 12
1100 25396 31754 35360 40051 44451 50347 55549 58247 61560 65098 65099
16535 12
5285 12706 20117 25067 31433 34365 37560 54164 58230 66239 66240 66241
16595 12
7380 11413 18351 19857 23180 41660 53781 59842 60000 66340 66341 66342
16625 12
11952 22317 31004 50375 52114 56100 56815 65275 66393 66394 66395 66396
16649 12
22886 24274 41784 45493 49661 56287 61944 63673 66434 66435 66436 66437
16694 12
309 43726 49397 53748 60027 61680 64925 65429 65822 66521 66522 66523
16697 12
22352 22836 27336 36432 42804 45708 56748 65453 66525 66527 66528 66529
16726 12
907 2406 3040 3895 8927 13188 18372 27163 40823 66579 66580 66581
16793 12
1225 1419 2972 4748 18825 20670 26581 30648 62272 66681 66682 66683
16956 12
574 15004 17971 27442 27736 38006 45167 52096 54760 66929 66930 66931
17008 12
1742 9672 16618 28687 35475 55671 62501 67012 67013 67014 67015 67016
17177 12
1295 12163 36735 46495 49144 50833 51030 59491 64898 66808 67290 67291
17291 12
4471 12091 16266 35562 51428 52458 55518 57546 67461 67463 67464 67465
17298 12
10993 11514 16857 28106 29590 30273 39226 42270 61901 66674 67474 67475
17323 12
5649 10541 17104 17603 27794 33146 39886 49080 49242 54971 67506 67508
17347 12
6514 26794 27925 45077 45166 60549 64346 65551 67546 67547 67548 67549
17392 12
3954 8061 15020 25399 33664 37130 43513 46239 50131 50763 59878 67614
17605 12
23815 26752 32405 45517 47710 63949 67501 67610 67940 67942 67943 67944
18106 12
19613 19717 23266 29392 29865 32899 41565 47339 54262 57703 68702 68703
18486 12
792 4681 20891 30629 35598 40334 46732 66130 68295 69242 69243 69244
18489 12
131 971 1208 39448 40938 44301 56181 61345 67179 69245 69246 69247
18654 12
5627 11198 34068 35513 36260 43463 48631 49733 50040 56325 66415 69478
18893 12
13714 21121 21194 38560 42753 49970 51000 68394 69783 69785 69786 69787
19133 12
9527 10291 18303 24391 49241 54108 55413 58554 61430 70133 70134 70135
19185 12
3331 3764 7740 26731 30791 44579 52852 61431 65413 70209 70210 70211
19246 12
6219 12869 18069 25008 43028 47478 53667 60924 61783 64564 70288 70289
19364 12
8546 11563 18977 20898 28826 54230 58182 65198 65393 68268 70413 70414
19502 12
328 4598 15106 47005 53992 54756 59533 64055 64700 65568 70587 70588
19938 12
15032 15446 16894 27887 30608 32381 33143 41146 43970 48210 71126 71127
20099 12
17146 31409 32286 37302 46540 48154 59330 64986 67161 70494 71312 71313
20100 12
12330 20279 21386 33465 54643 58877 59100 68184 68670 71314 71315 71316
20487 12
23203 30567 35437 40293 47442 51451 53178 58214 60441 71755 71756 71757
20608 12
3805 19953 21555 23726 26398 34632 47072 58489 64387 69643 71897 71898
20778 12
7681 11202 15552 25460 28843 43593 50800 58164 60251 68185 70059 72095
20854 12
7893 14281 31073 41618 53728 56182 59324 63896 70613 72055 72177 72178
20988 12
8193 13710 18672 29881 30780 34795 42765 46329 47294 56576 60004 72317
21295 12
3295 4320 7522 7908 14282 28109 57417 63312 71472 71828 72654 72655
21307 12
7480 11085 13248 13954 17236 26684 43898 48982 67241 70196 72155 72664
21376 12
10987 12283 16579 17092 34925 35755 37522 41943 46971 57828 72738 72739
21559 12
14499 20801 22425 28801 41702 55661 58616 63304 65577 71344 72940 72941
21563 12
11859 31933 33152 37250 47097 48674 57271 60037 62655 62996 63809 72944
21959 12
4739 6712 12521 37242 37268 54299 63201 71000 72964 73344 73345 73346
22006 12
228 7232 10318 13851 23895 32707 52686 59957 61836 63651 68807 73394
22090 12
7948 18803 20593 24611 47283 54397 55046 59836 62622 73481 73482 73483
22324 12
36994 46462 47937 51594 54153 57929 58123 68011 70219 72671 73562 73711
22656 12
10737 35375 44863 47701 53018 54324 54352 55919 70452 74011 74012 74013
22679 12
4924 7715 13576 14779 22969 26385 33710 47613 49139 66671 66705 74028
22715 12
1614 5546 16950 18836 45761 48119 54056 55064 59685 63342 69263 74058
22724 12
2062 9516 15430 29080 30196 51719 56104 56467 57706 60139 74065 74066
23020 12
1386 11769 20309 22805 25305 25846 32726 43536 47663 59544 72888 74328
23061 12
2700 13052 14425 34040 51258 59078 62025 64908 66836 71296 74363 74364
23086 12
2113 4769 13526 31048 34238 40356 47169 61179 62053 62646 74386 74387
23109 12
18222 19264 20318 29172 37441 39434 45811 61659 72844 74401 74402 74403
23510 12
7367 20068 29860 37437 39410 56235 63888 68262 71726 74219 74714 74715
23543 12
6705 16491 21278 21548 34881 56480 59927 60869 63942 71811 74740 74741
23610 12
1271 3175 8337 24458 30769 34572 54842 55720 62927 67997 68163 74786
24072 12
7599 23231 26088 30779 41303 42447 43539 43776 45986 56053 75146 75147
24601 12
4626 18019 28365 35228 39755 41902 43772 55843 65687 69567 73021 75525
24806 12
12208 30773 36931 45089 47801 51376 51616 60022 61828 66043 72453 75666
25451 12
4741 9961 12749 16817 25507 32177 32694 38462 41951 47107 74649 76110
25959 12
3587 18508 24614 35235 36304 37623 39412 39716 49256 70500 76432 76433
25982 12
16311 27495 39698 41281 41770 44209 44278 45158 57393 72324 73800 76446