11
162 14
1107 1108 1109 1110 1111 1112 1113 1114 1115 1116 1117 1118 1119 1120
8081 14
8130 25135 25569 35500 40230 42901 42902 42903 42904 42905 42906 42907 42908 42909
3402 13
5075 12982 20963 20964 20965 20966 20967 20968 20969 20970 20971 20972 20973
5525 13
24455 26417 27552 31803 31805 31806 31807 31808 31809 31810 31811 31812 31813
6039 13
324 6900 7675 11340 13964 32844 34227 34229 34230 34231 34232 34233 34234
6550 13
4253 22576 23004 23847 26863 26925 31269 36497 36498 36499 36500 36501 36502
7734 13
4284 13385 16180 21153 21571 23756 41510 41511 41512 41513 41514 41515 41516
8540 13
2873 17452 17616 27996 29596 39123 44707 44708 44709 44710 44711 44712 44713
8830 13
5840 11165 13498 14503 14569 26770 43019 45789 45790 45791 45792 45793 45794
9781 13
2390 12368 20362 34600 40904 41280 42972 45656 49124 49125 49126 49127 49128
11518 13
3409 4116 9622 23256 28555 29267 37327 42470 49635 54652 54653 54654 54655